<?xml version="1.0"?>
<opencv_storage>
<handeyeResult type_id="opencv-matrix">
  <rows>1</rows>
  <cols>7</cols>
  <dt>d</dt>
  <data>
    6.6221445093215953e-03 3.3990322968550202e-02
    -6.8794695067519507e-02 9.1940942790123736e-01
    -3.9271617002055609e-01 2.1968988155058136e-03
    2.1376724840309742e-02</data></handeyeResult>
</opencv_storage>
