<?xml version="1.0"?>
<opencv_storage>
<robotposes type_id="opencv-matrix">
  <rows>1</rows>
  <cols>7</cols>
  <dt>d</dt>
  <data>
    0.0182708 0.025583 -0.0715342    0.918702   -0.394524 -0.00553967   0.0175567
  </data>
</robotposes>
</opencv_storage>
