<?xml version="1.0"?>
<opencv_storage>
<robotposes type_id="opencv-matrix">
  <rows>31</rows>
  <cols>7</cols>
  <dt>d</dt>
  <data>
    4.6001552495154685e-01 8.3014833521276321e-01 8.8881220596080635e-01
    2.8585512616955888e-01 -3.3895796670764883e-01
    -1.4658213835595235e-01 8.8425563066513657e-01
    4.2579653526966033e-01 8.2083076828525692e-01 9.6118242947213239e-01
    2.8554710413752638e-01 -3.4281921026033579e-01
    -1.7746257314856187e-01 8.7718007018322275e-01
    4.8485431929677586e-01 8.0428296093023366e-01 8.2698985885294474e-01
    2.4098559467253611e-01 -3.5772371765791022e-01
    -2.6312879528804517e-01 8.6297330322298493e-01
    4.4238630902761050e-01 8.2765187917489291e-01 9.9053340937282852e-01
    3.9994254065622326e-01 -2.9835272695682963e-01
    -2.9274025147274885e-01 8.1568055000627571e-01
    4.9972833536483385e-01 8.1514463387183533e-01 7.6008760871610204e-01
    2.5990976970669261e-01 -3.3288188333083041e-01
    -1.3327567430254822e-01 8.9659029550867575e-01
    5.2368332208186175e-01 8.0645893268129587e-01 7.8693760424265102e-01
    3.0881903101319147e-01 -4.1683045618391423e-01
    -2.2791721525279321e-01 8.2397628598946671e-01
    5.9631342209483673e-01 7.4515368472035670e-01 6.3142203274843989e-01
    3.3535335182759918e-01 -4.4298185346681901e-01
    -7.5384578835977101e-02 8.2802317128859293e-01
    6.3231083490645268e-01 7.3442414272153489e-01 7.2814526083907261e-01
    -5.9812387347312246e-01 -2.3339463109172454e-02
    7.6743764242008994e-01 -2.2965749811399105e-01
    6.4036027877034096e-01 7.2378482812918543e-01 6.9407783042633286e-01
    4.5403784052543850e-01 -4.0765179104869254e-01
    -2.7576024099536040e-01 7.4271525237601677e-01
    6.1925814199178131e-01 7.0082476634710711e-01 6.1319003604084754e-01
    4.1802321126277536e-01 -3.3628018930398373e-01
    -3.5467122090584818e-01 7.6575489171691813e-01
    6.1342187197809050e-01 7.2205222500217725e-01 6.2757951872552697e-01
    4.3361011370037028e-01 -3.8529195253478959e-01
    -1.8537809465223359e-01 7.9320069505251256e-01
    5.9252769472287159e-01 7.3346157684563984e-01 7.2674070812747849e-01
    3.6157258534732645e-01 -3.8161564632298456e-01
    -3.3611075377203131e-01 7.8145014249505262e-01
    5.9380380116954534e-01 7.4158033476746343e-01 7.3584797644855471e-01
    3.6161932230142152e-01 -4.1996084644995424e-01
    -2.5061609587622696e-01 7.9376062240139900e-01
    5.2265977110826811e-01 7.5696245277256924e-01 8.1350862917379352e-01
    3.1824652815358251e-01 -4.6246433691199790e-01
    -1.9390114628530186e-01 8.0451738941553230e-01
    5.3172170187191581e-01 7.4327309289268706e-01 8.1722267901866641e-01
    5.1435041934101655e-01 -2.4269773658240681e-01
    -5.5001684613198476e-01 6.1157413594144217e-01
    4.7127586337617500e-01 7.3993494372764756e-01 8.4104854923391603e-01
    3.8564605700925164e-01 -3.6143809343648226e-01
    -3.4087859335180187e-01 7.7745829979537462e-01
    5.0070171659445828e-01 6.7119265039562537e-01 8.1913666963715970e-01
    3.3118629469901723e-01 -3.8271222157825063e-01
    -4.2380485307537136e-01 7.5115673475509670e-01
    4.5784826857063199e-01 7.0186327433213591e-01 8.2193720950764726e-01
    3.1953798045173692e-01 -3.3428467082960178e-01
    -4.0624238792535861e-01 7.8810935798902459e-01
    5.4366182074722669e-01 6.6884509411445514e-01 8.6458042450600270e-01
    4.2494453154867012e-01 -1.6163486420458892e-01
    -5.7581676744290411e-01 6.7950817957700083e-01
    5.0959421196530841e-01 7.5253585981089621e-01 8.5883685766570239e-01
    4.8891438019432315e-01 -1.4692503030483825e-01
    -5.0748513582896815e-01 6.9414306970665418e-01
    4.9975674056838870e-01 7.3738687566640093e-01 8.3425192496911804e-01
    3.7901167375941630e-01 -1.8445616873396650e-01
    -4.5414827159187304e-01 7.8490472057453353e-01
    4.8789418288039454e-01 7.6684965627671953e-01 7.9740078658974300e-01
    4.7438467611437951e-01 -2.4179360650262194e-01
    -4.4426260882659774e-01 7.2050382741585473e-01
    5.6004853985113567e-01 7.2185717474692834e-01 7.9898574298340752e-01
    3.4730779898745900e-01 -2.7186796274981706e-01
    -3.5788739504115863e-01 8.2303202614685933e-01
    5.0368432181443867e-01 7.9674513934586288e-01 8.2251125480995613e-01
    2.6151577388672692e-01 -3.8327180052396576e-01
    -7.3924757850321543e-02 8.8274988366372220e-01
    5.6218703447323848e-01 7.1941887466570387e-01 8.3387500341984089e-01
    2.1560720827459784e-01 -4.0458910657114067e-01
    -1.8520391299867325e-01 8.6920693577190244e-01
    5.3760902930092702e-01 7.5046303740938047e-01 8.2740255955015451e-01
    2.8622292260400950e-01 -3.0936777745875055e-01
    -2.3207931287933262e-01 8.7664542968050030e-01
    5.6436228631369589e-01 7.2198363372125107e-01 7.7599667937278971e-01
    2.6123805562434183e-01 -2.7646557944238948e-01
    -3.0272791646415265e-01 8.7388630282804536e-01
    5.1158907303498424e-01 7.8264216836148048e-01 8.3497854570441243e-01
    1.5730727546530671e-01 -4.1448297769193188e-01
    -2.2278554396934849e-02 8.9608144066446016e-01
    6.1690910373811514e-01 7.1384534126543298e-01 7.1932625906414238e-01
    4.1962537839119468e-01 -1.8506854379017629e-01
    -5.0075061309606272e-01 7.3410694002532606e-01
    5.4546780613314849e-01 7.9407429660505291e-01 7.3378957987850235e-01
    2.8151842245413194e-01 -3.5734728869091159e-01
    -9.8900025814916567e-02 8.8502490246207199e-01
    5.3856386248310850e-01 8.0115062177255314e-01 7.4446476751205359e-01
    2.8801920125050262e-01 -3.5940500351017823e-01
    -9.0982470584112310e-02 8.8294686884845019e-01</data></robotposes>
</opencv_storage>
